36
6 0 -0.0783172
6.07286 0 1.13001
5.10775 0 2.62922
4.45222 0 3.41239
3.68742 0 4.15081
2.83157 0 4.37458
1.72079 0 4.82211
-0.0273142 0 5.00111
-1.48408 0 4.88924
-2.74052 0 4.84449
-5.25343 0 4.15081
-6.40062 0 3.34526
-6.50989 0 3.05437
-6.7466 0 2.13694
-7.03796 0 1.24189
-7.05619 0 -0.0111882
-6.91051 0 -0.839114
-6.52807 0 -1.9803
-5.49016 0 -3.07675
-4.52506 0 -3.77042
-3.30502 0 -4.48646
-1.97573 0 -5.04587
0.118362 0 -4.97875
1.79363 0 -4.82211
3.01367 0 -4.3522
3.90593 0 -3.81516
4.90745 0 -2.89774
5.61762 0 -2.5621
5.89079 0 -1.8908
6.07286 0 -0.794358
6.05464 0 -0.0335645
6.05464 0 -0.0559409
6.03646 0 -0.0335645
6.03646 0 -0.0335645
5.98182 0 -0.100693
5.98182 0 -0.12307
